38
4
98
38
38
25
52
4
4
60
40
52
52
96
88
60
4 33
60
97
17
60
60
49
0
52
11 9
52
73
66
60
60
8
89
4
4
69
102
60
60
62
40
17
11 9
17
95
88
0
0
10
1
89
89
77
7
102
102
24
18
4
4
4
17
8
8 11
29 27
8
115
78
1
1
37
55
40
117
117
54
10
46 24
10
32
42
102
102
102
110
60
40 15
60
106
35
52
52
121
11
60
29 27
60
114
108
102
61 7
123
40
23
54
54
102
50
55
3 52
125
55
45
95
95
126
95
97
97
70
63
4
4
128
128
96
96
17
0
70
70
126
82
40
3 52
131
25
123
0
7
106
100
114
92 59
114
77
67
23
23
12
117
10
10
108
75
125
125
125
46
102
108 1
109 26
102
31
79
8
36 42
8
68
24
24
125
16
47
25
25
37
24
16
141
16
40
123
4 33
120 13
123
125
112
37
112 6
37
37
93
31
47 49
144
31
71
95
95
95
70
102
146
35
18
117
117
147
76
128
53
16
15
37
38 13
96 45
149
37
115
110
98 35
110
150
99
31
113 8
31
151
151
88
88
152
79
24
110 51
24
67
153
16
154
136
95
62
62
93
61
136
136
51
25
42
42
42
0
38
38
158
38
112
121 3
129 4
148 42
159
159
112
37
105 57
37
159
153
66
66
66
102
93
162
93
56
1
93 52
1
1
17
125
12
135
109
12
11 9
156 47
12
163
58
37
44
158
64
77
159
138
125
163
168
168
163
128
197 36
169
128
128
71
194 13
128
71
170
50
30 14
44 10
88 15
191 24
50
87
52
159
143
71
52
31
173
31
20
17
188 43
89
84
53
45
219 73
45
45
33
151
151
176
151
128
177
177
14
115
178 7
181 8
201 22
115
157
116
37
111 33
185 30
37
164
163
151
11
145
108
67
181
181
67
117
182
182
50
146
16 63
146
183
17
24
183 32
184 55
184
24
2
168
99 28
185
168
168
69
206 6
239 27
69
186
186
84
187
187
186
138
138
84
175
1
52 15
141 55
189
159
155
18
18
138
114
17
63 51
215 1
218 38
17
105
75
4
208 7
210 41
4
4
29
71
64 59
193
193
3
0
236 36
0
81
75
150
207 78
150
184
160
143
70 38
125 19
143
143
86
25
146 33
197
25
40
128
197 36
12
128
109
32
32
92
91
75
235 20
200
75
65
177
143 37
177
128
99
144
80 15
135 9
136 7
164 34
202
144
144
70
119 57
144
85
79
110
110
60
37
187
205
205
187
35
206
8
171
109
300 36
109
168
162
8
228 8
230 30
208
208
208
66
209
209
66
4
252 11
286 27
210
4
8
40
262 41
317 36
211
40
211
25
212
25
210
108
213
213
108
98
98
213
140
136
215
136
88
189
252 11
286 27
189
216
70
189
189
189
69
210
218
210
24
66
79 8
91 48
66
219
66
218
225 17
226 20
218
220
66
63
213 26
248 14
221
63
221
55
266 22
222
55
55
182
288 4
289 24
223
222
223
140
229 42
224
218
222
126
63
222
224
159
92 59
226
55
63
75
214 14
227
159
182
1
1
1
228
17
254 37
229
229
229
24
152 17
305 20
230
24
230
229
238 9
229
17
140
213
318 25
232
213
55
229
42 10
276 29
331 28
22
227
196
210
264 6
271 31
234
210
210
116
360 36
373 26
116
191
188
162
349 20
236
162
170
234
105 57
234
234
162
55
147 63
55
238
159
144
120 13
292 49
337 25
144
97
71
47
231 28
303 34
47
47
8
105
279 12
280 24
105
234
164
24
99 28
272 20
242
242
51
8
115 58
243
243
243
162
395 15
244
8
31
146
245
146
26
63
110 51
17
190
189
37
381 11
400 24
158
132
129
42
405 36
87
47
35
35
329 22
357 13
359 4
362 40
35
31
26
