49
48
56
57
49
49
56
48
49
50
52
260
51
52
263
52
57
259
53
50
260
54
275
49
55
280
261
56
55
49
57
50
51
260
257
263
276
259
264
54
288
49
288
56
260
52
301
260
53
53
266
49
54
54
291
55
57
291
283
54
260
272
264
48
52
53
264
285
264
287
321
287
54
299
265
55
315
50
53
57
329
295
288
50
55
333
264
56
278
50
57
269
297
319
297
307
275
51
339
352
268
266
268
267
53
55
263
51
315
284
51
280
288
51
258
259
51
57
288
269
57
321
357
270
339
300
372
49
301
52
299
320
54
284
52
308
275
52
55
334
383
56
386
335
273
48
388
49
321
274
403
345
284
53
51
305
403
393
275
304
340
403
54
321
403
55
266
53
56
385
403
286
288
309
376
307
406
351
424
307
363
315
54
301
284
418
366
307
328
299
388
295
307
56
315
307
335
364
401
364
417
279
414
279
369
299
421
431
394
277
279
418
266
280
55
461
283
288
311
450
262
261
477
382
343
418
261
288
321
424
302
56
409
315
449
369
261
421
489
258
260
258
449
285
48
278
371
284
427
503
410
315
346
288
376
56
509
54
286
285
311
263
399
299
272
409
52
341
256
401
353
48
376
275
309
50
50
397
51
319
278
263
343
410
531
52
51
353
321
55
374
363
289
532
522
489
339
449
532
359
301
299
256
288
500
317
275
48
53
500
316
366
522
419
535
405
352
352
262
392
271
338
390
284
256
305
565
423
522
443
353
279
311
372
385
557
401
361
275
487
514
335
522
50
48
588
412
256
289
545
500
529
324
531
609
363
545
438
345
289
449
343
265
274
531
304
353
50
328
287
392
481
256
376
606
394
619
424
277
345
339
374
590
260
256
593
534
383
287
587
625
470
473
522
557
276
287
353
653
393
274
506
511
287
439
639
333
277
363
598
442
656
299
542
623
320
639
353
340
372
333
265
263
274
266
572
556
579
383
624
584
500
541
423
265
266
48
622
301
291
420
340
320
390
265
277
522
393
576
410
541
639
438
353
385
613
271
643
564
667
385
296
279
258
523
620
414
333
542
545
356
303
639
343
286
305
635
304
332
53
438
541
589
547
316
354
360
343
423
457
334
320
673
702
260
599
261
623
257
340
364
623
414
298
266
306
275
394
623
410
294
320
286
418
636
309
694
750
609
623
418
768
545
274
328
295
360
691
450
287
312
623
768
339
692
343
408
542
521
276
750
271
354
769
545
297
339
541
692
564
541
557
333
283
339
409
791
438
274
280
564
542
383
642
294
545
552
406
311
343
476
409
297
306
661
605
554
735
532
531
342
539
268
268
462
342
470
549
334
532
326
532
418
447
319
346
750
373
531
283
821
397
406
258
366
369
690
579
534
522
312
852
396
732
853
508
557
298
560
539
345
522
353
376
363
542
268
293
653
531
57
813
407
304
345
511
488
421
343
267
338
345
286
894
48
525
562
289
442
767
267
598
256
333
405
692
324
256
576
305
905
297
304
565
563
360
562
465
562
340
287
394
660
297
769
562
329
628
757
289
321
860
680
419
442
894
895
344
465
297
511
698
495
945
699
300
326
303
689
795
946
319
735
267
259
584
279
961
519
501
360
589
691
293
269
539
318
801
322
586
620
827
261
829
300
457
275
325
923
950
341
373
376
568
300
722
294
366
982
612
982
472
271
706
381
320
982
346
352
957
352
818
796
470
300
703
572
889
297
975
828
352
470
422
951
680
917
514
611
1017
368
583
623
300
308
894
369
669
297
373
894
269
345
559
301
450
393
332
383
403
405
702
465
737
545
487
390
639
716
575
908
383
889
626
881
348
393
300
335
1036
331
586
385
907
797
793
851
900
303
401
514
714
586
936
1078
762
368
839
293
321
1043
409
921
412
894
304
409
669
306
557
779
835
735
413
420
844
403
461
896
1040
303
875
426
268
529
678
607
350
690
264
1084
998
529
764
529
428
529
541
541
549
819
304
1037
307
360
465
308
1033
388
970
435
301
296
958
584
624
565
513
285
762
692
781
438
264
306
782
586
284
894
697
405
725
511
268
360
303
397
465
421
993
279
409
514
331
315
338
424
442
426
280
762
440
762
809
279
373
350
1068
603
307
790
594
535
594
752
752
1137
599
797
795
338
482
622
978
1013
487
534
428
1148
817
433
405
449
564
594
725
594
1172
268
434
717
295
385
594
730
275
312
1001
323
265
559
346
434
307
301
835
286
676
285
542
584
851
817
286
638
1129
912
430
586
886
534
1221
612
338
851
304
276
513
1221
424
1231
273
531
900
737
567
795
307
340
925
263
774
687
609
692
880
285
438
416
448
821
1193
676
599
915
1258
1132
449
320
557
513
1003
599
280
617
754
1258
273
368
302
527
260
361
1058
913
912
661
982
1017
302
579
365
619
801
634
1044
907
936
587
999
925
925
435
1317
925
835
511
511
403
358
911
459
421
1231
1276
599
635
835
459
864
958
962
617
531
861
1339
752
540
838
280
468
296
927
606
341
1320
277
1349
545
800
1127
1028
466
699
854
1338
1287
287
692
692
599
851
431
587
1338
1171
1339
677
1339
1235
268
1148
395
718
625
659
598
325
1331
327
1271
262
691
278
311
773
937
1339
719
785
636
412
357
278
574
540
500
925
760
606
1140
559
1057
496
289
1405
559
540
425
540
1092
765
691
296
825
619
699
1232
655
1405
386
368
485
293
891
617
998
619
1077
620
264
800
1229
308
496
301
1232
405
324
409
925
305
860
1279
306
1094
360
1433
782
620
332
333
284
625
411
447
261
308
634
423
846
395
531
309
818
1339
266
476
492
886
1468
1014
1468
265
324
1217
853
687
267
496
946
1468
1359
481
598
391
644
258
306
579
497
606
388
311
1468
480
1468
883
383
349
614
499
622
789
1278
365
324
1265
543
1057
501
1016
1396
617
1164
1519
936
485
342
740
773
331
1332
1345
1512
480
586
1044
278
1234
613
339
259
609
574
598
932
473
358
1368
508
606
538
622
1158
1547
1472
483
1044
1143
285
274
632
1280
847
354
532
340
658
1229
347
1272
1109
532
1255
532
1239
885
500
827
361
1019
515
487
885
431
885
265
1232
373
295
599
424
744
285
807
876
801
345
846
886
359
411
1506
272
1332
57
331
598
335
896
272
884
1523
1160
599
319
877
900
363
1363
945
1363
854
884
1042
972
625
1202
1109
1335
1363
274
911
709
430
1331
528
534
513
1613
340
656
257
785
1612
1458
911
1638
1220
1407
877
639
827
805
344
535
663
1149
500
368
610
713
353
315
522
1642
742
644
326
1203
264
1543
295
701
443
318
295
427
752
656
1234
884
362
509
1230
1073
1288
884
1113
622
674
1664
1238
1577
1587
624
709
610
909
625
507
759
712
1366
397
646
676
353
424
427
1332
673
462
434
902
900
652
401
656
1371
669
644
333
1472
1458
303
674
724
652
806
652
1447
726
1414
1115
1723
624
652
1637
652
668
265
1114
974
769
542
293
659
263
674
1494
1693
750
643
654
810
659
837
302
817
328
266
481
414
1003
1159
1701
1376
1246
839
1586
1134
978
322
295
1746
472
659
286
1655
564
1324
1214
1758
952
1175
765
757
875
1339
409
652
542
1215
1266
282
653
305
332
410
409
1776
315
827
946
294
322
988
325
365
325
1579
325
508
705
301
846
600
1655
309
1615
547
1124
1615
970
946
1777
1321
877
1586
427
613
653
441
1354
1148
394
608
335
327
438
538
402
1838
1426
700
760
896
1340
363
373
877
1576
926
1667
1235
1305
1456
1052
926
835
926
1659
926
747
311
649
1444
1765
631
926
337
926
725
526
868
1480
1602
926
859
926
1633
574
1323
600
385
1458
802
667
661
1340
287
1323
1238
349
1439
854
530
369
422
1888
304
538
490
811
1255
324
335
1655
283
406
460
324
369
1239
483
346
561
642
1712
372
563
653
960
1339
427
373
1910
1758
680
717
785
793
785
1001
372
404
1375
522
401
1667
1738
785
1536
372
1806
372
472
460
302
652
750
372
259
343
269
1268
347
1374
1127
945
1667
393
697
1574
1951
911
677
1123
1829
584
329
1796
677
488
677
756
269
925
669
1109
1581
363
921
269
658
677
1538
691
521
1483
1266
993
709
267
1670
834
357
1923
597
383
1538
1032
749
803
1479
1557
1479
489
542
527
989
785
679
457
1483
743
1479
1923
316
468
1458
1566
1738
1639
961
1572
723
802
266
1181
1479
1191
1736
1738
1382
568
1225
506
1450
1149
562
1268
277
1951
339
1403
1993
1568
390
329
541
1328
865
406
803
643
706
1202
375
1404
1149
797
1225
1569
2034
1246
1123
801
1117
341
618
809
688
821
541
418
679
442
724
915
332
390
702
1032
709
382
690
517
1196
598
2018
340
1239
680
702
1541
690
2006
473
1044
1581
1218
2058
1472
690
1787
690
1586
368
346
1892
576
2058
1499
556
679
1070
