1 8
1 42
1 81
1 85
1 91
1 107
1 115
1 120
1 125
1 137
1 149
1 152
1 172
1 196
1 244
1 269
1 286
1 303
1 336
1 358
1 363
1 374
1 392
1 446
1 471
1 482
1 489
1 494
1 508
1 513
1 547
1 559
1 563
1 570
1 582
1 587
1 603
1 611
1 654
8 42
8 81
8 85
8 91
8 107
8 115
8 120
8 125
8 137
8 149
8 152
8 172
8 196
8 244
8 269
8 286
8 303
8 336
8 358
8 363
8 374
8 392
8 446
8 471
8 482
8 489
8 494
8 508
8 513
8 547
8 559
8 563
8 570
8 582
8 587
8 603
8 611
8 654
42 81
42 85
42 91
42 107
42 115
42 120
42 125
42 137
42 149
42 152
42 172
42 196
42 244
42 269
42 286
42 303
42 336
42 358
42 363
42 374
42 392
42 446
42 471
42 482
42 489
42 494
42 508
42 513
42 547
42 559
42 563
42 570
42 582
42 587
42 603
42 611
42 654
81 85
81 91
81 107
81 115
81 120
81 125
81 137
81 149
81 152
81 172
81 196
81 244
81 269
81 286
81 303
81 336
81 358
81 363
81 374
81 392
81 446
81 471
81 482
81 489
81 494
81 508
81 513
81 547
81 559
81 563
81 570
81 582
81 587
81 603
81 611
81 654
85 91
85 107
85 115
85 120
85 125
85 137
85 149
85 152
85 172
85 196
85 244
85 269
85 286
85 303
85 336
85 358
85 363
85 374
85 392
85 446
85 471
85 482
85 489
85 494
85 508
85 513
85 547
85 559
85 563
85 570
85 582
85 587
85 603
85 611
85 654
91 107
91 115
91 120
91 125
91 137
91 149
91 152
91 172
91 196
91 244
91 269
91 286
91 303
91 336
91 358
91 363
91 374
91 392
91 446
91 471
91 482
91 489
91 494
91 508
91 513
91 547
91 559
91 563
91 570
91 582
91 587
91 603
91 611
91 654
107 115
107 120
107 125
107 137
107 149
107 152
107 172
107 196
107 244
107 269
107 286
107 303
107 336
107 358
107 363
107 374
107 392
107 446
107 471
107 482
107 489
107 494
107 508
107 513
107 547
107 559
107 563
107 570
107 582
107 587
107 603
107 611
107 654
115 120
115 125
115 137
115 149
115 152
115 172
115 196
115 244
115 269
115 286
115 303
115 336
115 358
115 363
115 374
115 392
115 446
115 471
115 482
115 489
115 494
115 508
115 513
115 547
115 559
115 563
115 570
115 582
115 587
115 603
115 611
115 654
120 125
120 137
120 149
120 152
120 172
120 196
120 244
120 269
120 286
120 303
120 336
120 358
120 363
120 374
120 392
120 446
120 471
120 482
120 489
120 494
120 508
120 513
120 547
120 559
120 563
120 570
120 582
120 587
120 603
120 611
120 654
125 137
125 149
125 152
125 172
125 196
125 244
125 269
125 286
125 303
125 336
125 358
125 363
125 374
125 392
125 446
125 471
125 482
125 489
125 494
125 508
125 513
125 547
125 559
125 563
125 570
125 582
125 587
125 603
125 611
125 654
137 149
137 152
137 172
137 196
137 244
137 269
137 286
137 303
137 336
137 358
137 363
137 374
137 392
137 446
137 471
137 482
137 489
137 494
137 508
137 513
137 547
137 559
137 563
137 570
137 582
137 587
137 603
137 611
137 654
149 152
149 172
149 196
149 244
149 269
149 286
149 303
149 336
149 358
149 363
149 374
149 392
149 446
149 471
149 482
149 489
149 494
149 508
149 513
149 547
149 559
149 563
149 570
149 582
149 587
149 603
149 611
149 654
152 172
152 196
152 244
152 269
152 286
152 303
152 336
152 358
152 363
152 374
152 392
152 446
152 471
152 482
152 489
152 494
152 508
152 513
152 547
152 559
152 563
152 570
152 582
152 587
152 603
152 611
152 654
172 196
172 244
172 269
172 286
172 303
172 336
172 358
172 363
172 374
172 392
172 446
172 471
172 482
172 489
172 494
172 508
172 513
172 547
172 559
172 563
172 570
172 582
172 587
172 603
172 611
172 654
196 244
196 269
196 286
196 303
196 336
196 358
196 363
196 374
196 392
196 446
196 471
196 482
196 489
196 494
196 508
196 513
196 547
196 559
196 563
196 570
196 582
196 587
196 603
196 611
196 654
244 269
244 286
244 303
244 336
244 358
244 363
244 374
244 392
244 446
244 471
244 482
244 489
244 494
244 508
244 513
244 547
244 559
244 563
244 570
244 582
244 587
244 603
244 611
244 654
269 286
269 303
269 336
269 358
269 363
269 374
269 392
269 446
269 471
269 482
269 489
269 494
269 508
269 513
269 547
269 559
269 563
269 570
269 582
269 587
269 603
269 611
269 654
286 303
286 336
286 358
286 363
286 374
286 392
286 446
286 471
286 482
286 489
286 494
286 508
286 513
286 547
286 559
286 563
286 570
286 582
286 587
286 603
286 611
286 654
303 336
303 358
303 363
303 374
303 392
303 446
303 471
303 482
303 489
303 494
303 508
303 513
303 547
303 559
303 563
303 570
303 582
303 587
303 603
303 611
303 654
336 358
336 363
336 374
336 392
336 446
336 471
336 482
336 489
336 494
336 508
336 513
336 547
336 559
336 563
336 570
336 582
336 587
336 603
336 611
336 654
358 363
358 374
358 392
358 446
358 471
358 482
358 489
358 494
358 508
358 513
358 547
358 559
358 563
358 570
358 582
358 587
358 603
358 611
358 654
363 374
363 392
363 446
363 471
363 482
363 489
363 494
363 508
363 513
363 547
363 559
363 563
363 570
363 582
363 587
363 603
363 611
363 654
374 392
374 446
374 471
374 482
374 489
374 494
374 508
374 513
374 547
374 559
374 563
374 570
374 582
374 587
374 603
374 611
374 654
392 446
392 471
392 482
392 489
392 494
392 508
392 513
392 547
392 559
392 563
392 570
392 582
392 587
392 603
392 611
392 654
446 471
446 482
446 489
446 494
446 508
446 513
446 547
446 559
446 563
446 570
446 582
446 587
446 603
446 611
446 654
471 482
471 489
471 494
471 508
471 513
471 547
471 559
471 563
471 570
471 582
471 587
471 603
471 611
471 654
482 489
482 494
482 508
482 513
482 547
482 559
482 563
482 570
482 582
482 587
482 603
482 611
482 654
489 494
489 508
489 513
489 547
489 559
489 563
489 570
489 582
489 587
489 603
489 611
489 654
494 508
494 513
494 547
494 559
494 563
494 570
494 582
494 587
494 603
494 611
494 654
508 513
508 547
508 559
508 563
508 570
508 582
508 587
508 603
508 611
508 654
513 547
513 559
513 563
513 570
513 582
513 587
513 603
513 611
513 654
547 559
547 563
547 570
547 582
547 587
547 603
547 611
547 654
559 563
559 570
559 582
559 587
559 603
559 611
559 654
563 570
563 582
563 587
563 603
563 611
563 654
570 582
570 587
570 603
570 611
570 654
582 587
582 603
582 611
582 654
587 603
587 611
587 654
603 611
603 654
611 654
